-10.500 391.122
-10.000 381.408
-9.500 342.986
-9.000 275.884
-8.500 246.270
-8.000 240.342
-7.500 198.981
-7.000 215.275
-6.500 182.127
-6.000 124.150
-5.500 121.211
-5.000 116.775
-4.500 66.240
-4.000 60.848
-3.500 70.053
-3.000 46.308
-2.500 39.635
-2.000 -13.811
-1.500 17.682
-1.000 7.214
-0.500 -24.992
0.000 -4.831
0.500 -9.924
1.000 -12.143
1.500 4.790
2.000 6.990
2.500 44.606
3.000 21.462
3.500 30.776
4.000 25.827
4.500 71.892
5.000 104.500
5.500 104.793
6.000 124.636
6.500 143.456
7.000 134.703
7.500 146.372
8.000 205.887
8.500 235.277
9.000 282.772
9.500 278.395
10.000 352.653
10.500 321.031
11.000 422.479
11.500 414.201
12.000 452.026
12.500 557.657
13.000 581.535
13.500 580.568
14.000 618.814
14.500 714.584