-10.500 11495.169
-10.000 10415.707
-9.500 7588.717
-9.000 7206.982
-8.500 5679.475
-8.000 5246.931
-7.500 5352.598
-7.000 3752.433
-6.500 2787.174
-6.000 2304.928
-5.500 1564.072
-5.000 1978.974
-4.500 1071.928
-4.000 479.953
-3.500 -55.160
-3.000 0.104
-2.500 758.142
-2.000 787.329
-1.500 511.744
-1.000 -350.764
-0.500 1180.774
0.000 396.915
0.500 -1264.899
1.000 214.092
1.500 -39.750
2.000 210.072
2.500 -920.258
3.000 546.961
3.500 496.149
4.000 38.838
4.500 -393.447
5.000 384.319
5.500 217.288
6.000 492.647
6.500 -1119.032
7.000 -382.994
7.500 -499.201
8.000 -1007.026
8.500 -1764.526
9.000 -1423.380
9.500 -1951.125
10.000 -2785.863
10.500 -3858.425
11.000 -3850.584
11.500 -5395.544
12.000 -5497.560
12.500 -7060.405
13.000 -7899.318
13.500 -8989.602
14.000 -10753.665
14.500 -12406.114