-10.500 0.785
-10.000 0.710
-9.500 0.603
-9.000 0.450
-8.500 0.310
-8.000 0.093
-7.500 -0.171
-7.000 -0.307
-6.500 -0.511
-6.000 -0.697
-5.500 -0.944
-5.000 -1.108
-4.500 -1.232
-4.000 -1.260
-3.500 -1.302
-3.000 -1.234
-2.500 -1.067
-2.000 -0.875
-1.500 -0.691
-1.000 -0.549
-0.500 -0.287
0.000 -0.082
0.500 0.097
1.000 0.303
1.500 0.441
2.000 0.655
2.500 0.740
3.000 0.774
3.500 0.699
4.000 0.693
4.500 0.629
5.000 0.455
5.500 0.275
6.000 0.072
6.500 -0.149
7.000 -0.377
7.500 -0.508
8.000 -0.767
8.500 -0.943
9.000 -1.095
9.500 -1.226
10.000 -1.240
10.500 -1.105
11.000 -1.128
11.500 -1.051
12.000 -0.949
12.500 -0.747
13.000 -0.488
13.500 -0.321
14.000 -0.089
14.500 0.099
