-10.500 -22.315
-10.000 -16.850
-9.500 -16.979
-9.000 -15.297
-8.500 -15.877
-8.000 -16.156
-7.500 -13.836
-7.000 -12.323
-6.500 -8.844
-6.000 -11.824
-5.500 -11.445
-5.000 -10.357
-4.500 -8.578
-4.000 -6.036
-3.500 -6.733
-3.000 -9.012
-2.500 -7.460
-2.000 -2.572
-1.500 -0.541
-1.000 -1.156
-0.500 2.155
0.000 0.515
0.500 0.001
1.000 1.264
1.500 1.435
2.000 3.663
2.500 3.916
3.000 5.231
3.500 4.624
4.000 4.389
4.500 4.699
5.000 8.916
5.500 7.549
6.000 11.999
6.500 13.339
7.000 12.981
7.500 14.924
8.000 16.132
8.500 16.477
9.000 15.497
9.500 15.263
10.000 15.992
10.500 18.655
11.000 17.208
11.500 18.756
12.000 20.591
12.500 21.204
13.000 24.180
13.500 25.386
14.000 21.894
14.500 26.133