-25.500 0.702
-25.000 0.705
-24.500 0.704
-24.000 0.651
-23.500 0.664
-23.000 0.436
-22.500 0.284
-22.000 0.152
-21.500 -0.171
-21.000 -0.290
-20.500 -0.514
-20.000 -0.830
-19.500 -1.043
-19.000 -1.123
-18.500 -1.166
-18.000 -1.204
-17.500 -1.270
-17.000 -1.209
-16.500 -1.071
-16.000 -1.020
-15.500 -0.849
-15.000 -0.584
-14.500 -0.335
-14.000 -0.243
-13.500 0.114
-13.000 0.263
-12.500 0.483
-12.000 0.539
-11.500 0.681
-11.000 0.726
-10.500 0.745
-10.000 0.680
-9.500 0.462
-9.000 0.502
-8.500 0.318
-8.000 0.193
-7.500 -0.143
-7.000 -0.413
-6.500 -0.585
-6.000 -0.804
-5.500 -0.976
-5.000 -1.118
-4.500 -1.219
-4.000 -1.354
-3.500 -1.217
-3.000 -1.239
-2.500 -1.092
-2.000 -0.965
-1.500 -0.744
-1.000 -0.619
-0.500 -0.389
0.000 -0.118
0.500 0.127
1.000 0.172
1.500 0.447
2.000 0.585
2.500 0.689
3.000 0.777
3.500 0.715
4.000 0.656
4.500 0.695
5.000 0.384
5.500 0.188
6.000 0.019
6.500 -0.104
7.000 -0.444
7.500 -0.640
8.000 -0.860
8.500 -0.942
9.000 -1.132
9.500 -1.236
10.000 -1.259
10.500 -1.345
11.000 -1.162
11.500 -1.023
12.000 -0.986
12.500 -0.886
13.000 -0.487
13.500 -0.304
14.000 -0.132
14.500 0.049
15.000 0.369
15.500 0.484
16.000 0.560
16.500 0.716
17.000 0.700
17.500 0.751
18.000 0.607
18.500 0.603
19.000 0.479
19.500 0.199
20.000 0.090
20.500 -0.244
21.000 -0.345
21.500 -0.584
22.000 -0.790
22.500 -0.996
23.000 -1.133
23.500 -1.213
24.000 -1.223
24.500 -1.257
25.000 -1.223
25.500 -1.119
